-6 397.419
-5.87879 342.148
-5.75758 290.48
-5.63636 242.938
-5.51515 199.82
-5.39394 161.238
-5.27273 127.159
-5.15152 97.4404
-5.0303 71.8551
-4.90909 50.1192
-4.78788 31.9122
-4.66667 16.8945
-4.54545 4.72111
-4.42424 -4.94741
-4.30303 -12.4369
-4.18182 -18.0536
-4.06061 -22.0804
-3.93939 -24.7742
-3.81818 -26.3654
-3.69697 -27.0577
-3.57576 -27.029
-3.45455 -26.4328
-3.33333 -25.4005
-3.21212 -24.0429
-3.09091 -22.4528
-2.9697 -20.7073
-2.84848 -18.8697
-2.72727 -16.9917
-2.60606 -15.1149
-2.48485 -13.273
-2.36364 -11.4929
-2.24242 -9.79562
-2.12121 -8.19781
-2 -6.71212
-1.87879 -5.348
-1.75758 -4.11207
-1.63636 -3.00847
-1.51515 -2.03907
-1.39394 -1.20361
-1.27273 -0.49982
-1.15152 0.0765299
-1.0303 0.531541
-0.909091 0.873117
-0.787879 1.11085
-0.666667 1.25587
-0.545455 1.32067
-0.424242 1.31885
-0.30303 1.26486
-0.181818 1.17365
-0.0606061 1.06031
0.0606061 0.939688
0.181818 0.825987
0.30303 0.732327
0.424242 0.670351
0.545455 0.649832
0.666667 0.678319
0.787879 0.760826
0.909091 0.899582
1.0303 1.09385
1.15152 1.33984
1.27273 1.63066
1.39394 1.95641
1.51515 2.30435
1.63636 2.65918
1.75758 3.00332
1.87879 3.31743
2 3.58087
2.12121 3.77229
2.24242 3.87025
2.36364 3.85392
2.48485 3.70377
2.60606 3.40223
2.72727 2.93444
2.84848 2.28887
2.9697 1.45795
3.09091 0.438607
3.21212 -0.767262
3.33333 -2.15244
3.45455 -3.70414
3.57576 -5.40388
3.69697 -7.22749
3.81818 -9.14528
3.93939 -11.1223
4.06061 -13.1189
4.18182 -15.0911
4.30303 -16.9916
4.42424 -18.7703
4.54545 -20.3757
4.66667 -21.7554
4.78788 -22.8579
4.90909 -23.633
5.0303 -24.0339
5.15152 -24.0178
5.27273 -23.5474
5.39394 -22.5919
5.51515 -21.1284
5.63636 -19.1426
5.75758 -16.6298
5.87879 -13.5956
6 -10.0566
